2258366087 
56 2258366087 410442638 1521159381 471588148 1656306875 1877698854 1457017985 1885636224 2120983145 838865274 622391523 1599495796 1589420163 646358994 1902836023 294190104 528352961 810165570 2008068603 2064065124 148481515 1874022922 444511217 1229535568 1447190841 97924086 1532317171 1092420292 112366451 1855143102 1983737863 650553016 612584047 899301394 863131509 204748396 1301536603 1906202310 284925217 1675295776 619597367 965140710 413816387 831647212 960766755 2021366322 1709289321 745170552 719637471 174912226 524134565 1957015236 1065289589 490210922 644050577 

1023026685 
57 2258366087 1023026685 1521159381 471588148 1656306875 1877698854 1457017985 1885636224 2120983145 838865274 622391523 1599495796 1589420163 646358994 1902836023 294190104 528352961 810165570 2008068603 2064065124 148481515 1874022922 444511217 1229535568 1447190841 97924086 1532317171 1092420292 112366451 1855143102 1983737863 650553016 612584047 899301394 863131509 204748396 1301536603 1906202310 284925217 1675295776 619597367 965140710 413816387 831647212 960766755 2021366322 1709289321 745170552 719637471 174912226 524134565 1957015236 1065289589 490210922 644050577 

2420460775 
58 2258366087 1023026685 2420460775 471588148 1656306875 1877698854 1457017985 1885636224 2120983145 838865274 622391523 1599495796 1589420163 646358994 1902836023 294190104 528352961 810165570 2008068603 2064065124 148481515 1874022922 444511217 1229535568 1447190841 97924086 1532317171 1092420292 112366451 1855143102 1983737863 650553016 612584047 899301394 863131509 204748396 1301536603 1906202310 284925217 1675295776 619597367 965140710 413816387 831647212 960766755 2021366322 1709289321 745170552 719637471 174912226 524134565 1957015236 1065289589 490210922 644050577 

1334719657 
59 2258366087 1023026685 2420460775 1334719657 1656306875 1877698854 1457017985 1885636224 2120983145 838865274 622391523 1599495796 1589420163 646358994 1902836023 294190104 528352961 810165570 2008068603 2064065124 148481515 1874022922 444511217 1229535568 1447190841 97924086 1532317171 1092420292 112366451 1855143102 1983737863 650553016 612584047 899301394 863131509 204748396 1301536603 1906202310 284925217 1675295776 619597367 965140710 413816387 831647212 960766755 2021366322 1709289321 745170552 719637471 174912226 524134565 1957015236 1065289589 490210922 644050577 

1861055271 
60 2258366087 1023026685 2420460775 1334719657 1861055271 1877698854 1457017985 1885636224 2120983145 838865274 622391523 1599495796 1589420163 646358994 1902836023 294190104 528352961 810165570 2008068603 2064065124 148481515 1874022922 444511217 1229535568 1447190841 97924086 1532317171 1092420292 112366451 1855143102 1983737863 650553016 612584047 899301394 863131509 204748396 1301536603 1906202310 284925217 1675295776 619597367 965140710 413816387 831647212 960766755 2021366322 1709289321 745170552 719637471 174912226 524134565 1957015236 1065289589 490210922 644050577 

3179235457 
61 2258366087 1023026685 2420460775 1334719657 1861055271 3179235457 1457017985 1885636224 2120983145 838865274 622391523 1599495796 1589420163 646358994 1902836023 294190104 528352961 810165570 2008068603 2064065124 148481515 1874022922 444511217 1229535568 1447190841 97924086 1532317171 1092420292 112366451 1855143102 1983737863 650553016 612584047 899301394 863131509 204748396 1301536603 1906202310 284925217 1675295776 619597367 965140710 413816387 831647212 960766755 2021366322 1709289321 745170552 719637471 174912226 524134565 1957015236 1065289589 490210922 644050577 

3363220295 
62 2258366087 1023026685 2420460775 1334719657 1861055271 3179235457 3363220295 1885636224 2120983145 838865274 622391523 1599495796 1589420163 646358994 1902836023 294190104 528352961 810165570 2008068603 2064065124 148481515 1874022922 444511217 1229535568 1447190841 97924086 1532317171 1092420292 112366451 1855143102 1983737863 650553016 612584047 899301394 863131509 204748396 1301536603 1906202310 284925217 1675295776 619597367 965140710 413816387 831647212 960766755 2021366322 1709289321 745170552 719637471 174912226 524134565 1957015236 1065289589 490210922 644050577 

2170561441 
63 2258366087 1023026685 2420460775 1334719657 1861055271 3179235457 3363220295 2170561441 2120983145 838865274 622391523 1599495796 1589420163 646358994 1902836023 294190104 528352961 810165570 2008068603 2064065124 148481515 1874022922 444511217 1229535568 1447190841 97924086 1532317171 1092420292 112366451 1855143102 1983737863 650553016 612584047 899301394 863131509 204748396 1301536603 1906202310 284925217 1675295776 619597367 965140710 413816387 831647212 960766755 2021366322 1709289321 745170552 719637471 174912226 524134565 1957015236 1065289589 490210922 644050577 

3796278921 
64 2258366087 1023026685 2420460775 1334719657 1861055271 3179235457 3363220295 2170561441 3796278921 838865274 622391523 1599495796 1589420163 646358994 1902836023 294190104 528352961 810165570 2008068603 2064065124 148481515 1874022922 444511217 1229535568 1447190841 97924086 1532317171 1092420292 112366451 1855143102 1983737863 650553016 612584047 899301394 863131509 204748396 1301536603 1906202310 284925217 1675295776 619597367 965140710 413816387 831647212 960766755 2021366322 1709289321 745170552 719637471 174912226 524134565 1957015236 1065289589 490210922 644050577 

1458462641 
65 2258366087 1023026685 2420460775 1334719657 1861055271 3179235457 3363220295 2170561441 3796278921 1458462641 622391523 1599495796 1589420163 646358994 1902836023 294190104 528352961 810165570 2008068603 2064065124 148481515 1874022922 444511217 1229535568 1447190841 97924086 1532317171 1092420292 112366451 1855143102 1983737863 650553016 612584047 899301394 863131509 204748396 1301536603 1906202310 284925217 1675295776 619597367 965140710 413816387 831647212 960766755 2021366322 1709289321 745170552 719637471 174912226 524134565 1957015236 1065289589 490210922 644050577 

1587532233 
66 2258366087 1023026685 2420460775 1334719657 1861055271 3179235457 3363220295 2170561441 3796278921 1458462641 1587532233 1599495796 1589420163 646358994 1902836023 294190104 528352961 810165570 2008068603 2064065124 148481515 1874022922 444511217 1229535568 1447190841 97924086 1532317171 1092420292 112366451 1855143102 1983737863 650553016 612584047 899301394 863131509 204748396 1301536603 1906202310 284925217 1675295776 619597367 965140710 413816387 831647212 960766755 2021366322 1709289321 745170552 719637471 174912226 524134565 1957015236 1065289589 490210922 644050577 

2013312183 
67 2258366087 1023026685 2420460775 1334719657 1861055271 3179235457 3363220295 2170561441 3796278921 1458462641 1587532233 2013312183 1589420163 646358994 1902836023 294190104 528352961 810165570 2008068603 2064065124 148481515 1874022922 444511217 1229535568 1447190841 97924086 1532317171 1092420292 112366451 1855143102 1983737863 650553016 612584047 899301394 863131509 204748396 1301536603 1906202310 284925217 1675295776 619597367 965140710 413816387 831647212 960766755 2021366322 1709289321 745170552 719637471 174912226 524134565 1957015236 1065289589 490210922 644050577 

2421067375 
68 2258366087 1023026685 2420460775 1334719657 1861055271 3179235457 3363220295 2170561441 3796278921 1458462641 1587532233 2013312183 2421067375 646358994 1902836023 294190104 528352961 810165570 2008068603 2064065124 148481515 1874022922 444511217 1229535568 1447190841 97924086 1532317171 1092420292 112366451 1855143102 1983737863 650553016 612584047 899301394 863131509 204748396 1301536603 1906202310 284925217 1675295776 619597367 965140710 413816387 831647212 960766755 2021366322 1709289321 745170552 719637471 174912226 524134565 1957015236 1065289589 490210922 644050577 

1607125749 
69 2258366087 1023026685 2420460775 1334719657 1861055271 3179235457 3363220295 2170561441 3796278921 1458462641 1587532233 2013312183 2421067375 1607125749 1902836023 294190104 528352961 810165570 2008068603 2064065124 148481515 1874022922 444511217 1229535568 1447190841 97924086 1532317171 1092420292 112366451 1855143102 1983737863 650553016 612584047 899301394 863131509 204748396 1301536603 1906202310 284925217 1675295776 619597367 965140710 413816387 831647212 960766755 2021366322 1709289321 745170552 719637471 174912226 524134565 1957015236 1065289589 490210922 644050577 

3924202345 
70 2258366087 1023026685 2420460775 1334719657 1861055271 3179235457 3363220295 2170561441 3796278921 1458462641 1587532233 2013312183 2421067375 1607125749 3924202345 294190104 528352961 810165570 2008068603 2064065124 148481515 1874022922 444511217 1229535568 1447190841 97924086 1532317171 1092420292 112366451 1855143102 1983737863 650553016 612584047 899301394 863131509 204748396 1301536603 1906202310 284925217 1675295776 619597367 965140710 413816387 831647212 960766755 2021366322 1709289321 745170552 719637471 174912226 524134565 1957015236 1065289589 490210922 644050577 

2003479425 
71 2258366087 1023026685 2420460775 1334719657 1861055271 3179235457 3363220295 2170561441 3796278921 1458462641 1587532233 2013312183 2421067375 1607125749 3924202345 2003479425 528352961 810165570 2008068603 2064065124 148481515 1874022922 444511217 1229535568 1447190841 97924086 1532317171 1092420292 112366451 1855143102 1983737863 650553016 612584047 899301394 863131509 204748396 1301536603 1906202310 284925217 1675295776 619597367 965140710 413816387 831647212 960766755 2021366322 1709289321 745170552 719637471 174912226 524134565 1957015236 1065289589 490210922 644050577 

1273523513 
72 2258366087 1023026685 2420460775 1334719657 1861055271 3179235457 3363220295 2170561441 3796278921 1458462641 1587532233 2013312183 2421067375 1607125749 3924202345 2003479425 1273523513 810165570 2008068603 2064065124 148481515 1874022922 444511217 1229535568 1447190841 97924086 1532317171 1092420292 112366451 1855143102 1983737863 650553016 612584047 899301394 863131509 204748396 1301536603 1906202310 284925217 1675295776 619597367 965140710 413816387 831647212 960766755 2021366322 1709289321 745170552 719637471 174912226 524134565 1957015236 1065289589 490210922 644050577 

1529803041 
73 2258366087 1023026685 2420460775 1334719657 1861055271 3179235457 3363220295 2170561441 3796278921 1458462641 1587532233 2013312183 2421067375 1607125749 3924202345 2003479425 1273523513 1529803041 2008068603 2064065124 148481515 1874022922 444511217 1229535568 1447190841 97924086 1532317171 1092420292 112366451 1855143102 1983737863 650553016 612584047 899301394 863131509 204748396 1301536603 1906202310 284925217 1675295776 619597367 965140710 413816387 831647212 960766755 2021366322 1709289321 745170552 719637471 174912226 524134565 1957015236 1065289589 490210922 644050577 

2182980829 
74 2258366087 1023026685 2420460775 1334719657 1861055271 3179235457 3363220295 2170561441 3796278921 1458462641 1587532233 2013312183 2421067375 1607125749 3924202345 2003479425 1273523513 1529803041 2182980829 2064065124 148481515 1874022922 444511217 1229535568 1447190841 97924086 1532317171 1092420292 112366451 1855143102 1983737863 650553016 612584047 899301394 863131509 204748396 1301536603 1906202310 284925217 1675295776 619597367 965140710 413816387 831647212 960766755 2021366322 1709289321 745170552 719637471 174912226 524134565 1957015236 1065289589 490210922 644050577 

2588199689 
75 2258366087 1023026685 2420460775 1334719657 1861055271 3179235457 3363220295 2170561441 3796278921 1458462641 1587532233 2013312183 2421067375 1607125749 3924202345 2003479425 1273523513 1529803041 2182980829 2588199689 148481515 1874022922 444511217 1229535568 1447190841 97924086 1532317171 1092420292 112366451 1855143102 1983737863 650553016 612584047 899301394 863131509 204748396 1301536603 1906202310 284925217 1675295776 619597367 965140710 413816387 831647212 960766755 2021366322 1709289321 745170552 719637471 174912226 524134565 1957015236 1065289589 490210922 644050577 

2105496751 
76 2258366087 1023026685 2420460775 1334719657 1861055271 3179235457 3363220295 2170561441 3796278921 1458462641 1587532233 2013312183 2421067375 1607125749 3924202345 2003479425 1273523513 1529803041 2182980829 2588199689 2105496751 1874022922 444511217 1229535568 1447190841 97924086 1532317171 1092420292 112366451 1855143102 1983737863 650553016 612584047 899301394 863131509 204748396 1301536603 1906202310 284925217 1675295776 619597367 965140710 413816387 831647212 960766755 2021366322 1709289321 745170552 719637471 174912226 524134565 1957015236 1065289589 490210922 644050577 

2939312511 
77 2258366087 1023026685 2420460775 1334719657 1861055271 3179235457 3363220295 2170561441 3796278921 1458462641 1587532233 2013312183 2421067375 1607125749 3924202345 2003479425 1273523513 1529803041 2182980829 2588199689 2105496751 2939312511 444511217 1229535568 1447190841 97924086 1532317171 1092420292 112366451 1855143102 1983737863 650553016 612584047 899301394 863131509 204748396 1301536603 1906202310 284925217 1675295776 619597367 965140710 413816387 831647212 960766755 2021366322 1709289321 745170552 719637471 174912226 524134565 1957015236 1065289589 490210922 644050577 

934722139 
78 2258366087 1023026685 2420460775 1334719657 1861055271 3179235457 3363220295 2170561441 3796278921 1458462641 1587532233 2013312183 2421067375 1607125749 3924202345 2003479425 1273523513 1529803041 2182980829 2588199689 2105496751 2939312511 934722139 1229535568 1447190841 97924086 1532317171 1092420292 112366451 1855143102 1983737863 650553016 612584047 899301394 863131509 204748396 1301536603 1906202310 284925217 1675295776 619597367 965140710 413816387 831647212 960766755 2021366322 1709289321 745170552 719637471 174912226 524134565 1957015236 1065289589 490210922 644050577 

1873586145 
79 2258366087 1023026685 2420460775 1334719657 1861055271 3179235457 3363220295 2170561441 3796278921 1458462641 1587532233 2013312183 2421067375 1607125749 3924202345 2003479425 1273523513 1529803041 2182980829 2588199689 2105496751 2939312511 934722139 1873586145 1447190841 97924086 1532317171 1092420292 112366451 1855143102 1983737863 650553016 612584047 899301394 863131509 204748396 1301536603 1906202310 284925217 1675295776 619597367 965140710 413816387 831647212 960766755 2021366322 1709289321 745170552 719637471 174912226 524134565 1957015236 1065289589 490210922 644050577 

3705556928 
80 2258366087 1023026685 2420460775 1334719657 1861055271 3179235457 3363220295 2170561441 3796278921 1458462641 1587532233 2013312183 2421067375 1607125749 3924202345 2003479425 1273523513 1529803041 2182980829 2588199689 2105496751 2939312511 934722139 1873586145 3705556928 97924086 1532317171 1092420292 112366451 1855143102 1983737863 650553016 612584047 899301394 863131509 204748396 1301536603 1906202310 284925217 1675295776 619597367 965140710 413816387 831647212 960766755 2021366322 1709289321 745170552 719637471 174912226 524134565 1957015236 1065289589 490210922 644050577 

1120950771 
81 2258366087 1023026685 2420460775 1334719657 1861055271 3179235457 3363220295 2170561441 3796278921 1458462641 1587532233 2013312183 2421067375 1607125749 3924202345 2003479425 1273523513 1529803041 2182980829 2588199689 2105496751 2939312511 934722139 1873586145 3705556928 1120950771 1532317171 1092420292 112366451 1855143102 1983737863 650553016 612584047 899301394 863131509 204748396 1301536603 1906202310 284925217 1675295776 619597367 965140710 413816387 831647212 960766755 2021366322 1709289321 745170552 719637471 174912226 524134565 1957015236 1065289589 490210922 644050577 

3952777946 
82 2258366087 1023026685 2420460775 1334719657 1861055271 3179235457 3363220295 2170561441 3796278921 1458462641 1587532233 2013312183 2421067375 1607125749 3924202345 2003479425 1273523513 1529803041 2182980829 2588199689 2105496751 2939312511 934722139 1873586145 3705556928 1120950771 3952777946 1092420292 112366451 1855143102 1983737863 650553016 612584047 899301394 863131509 204748396 1301536603 1906202310 284925217 1675295776 619597367 965140710 413816387 831647212 960766755 2021366322 1709289321 745170552 719637471 174912226 524134565 1957015236 1065289589 490210922 644050577 

2427139949 
83 2258366087 1023026685 2420460775 1334719657 1861055271 3179235457 3363220295 2170561441 3796278921 1458462641 1587532233 2013312183 2421067375 1607125749 3924202345 2003479425 1273523513 1529803041 2182980829 2588199689 2105496751 2939312511 934722139 1873586145 3705556928 1120950771 3952777946 2427139949 112366451 1855143102 1983737863 650553016 612584047 899301394 863131509 204748396 1301536603 1906202310 284925217 1675295776 619597367 965140710 413816387 831647212 960766755 2021366322 1709289321 745170552 719637471 174912226 524134565 1957015236 1065289589 490210922 644050577 

1973421722 
84 2258366087 1023026685 2420460775 1334719657 1861055271 3179235457 3363220295 2170561441 3796278921 1458462641 1587532233 2013312183 2421067375 1607125749 3924202345 2003479425 1273523513 1529803041 2182980829 2588199689 2105496751 2939312511 934722139 1873586145 3705556928 1120950771 3952777946 2427139949 1973421722 1855143102 1983737863 650553016 612584047 899301394 863131509 204748396 1301536603 1906202310 284925217 1675295776 619597367 965140710 413816387 831647212 960766755 2021366322 1709289321 745170552 719637471 174912226 524134565 1957015236 1065289589 490210922 644050577 

739411263 
85 2258366087 1023026685 2420460775 1334719657 1861055271 3179235457 3363220295 2170561441 3796278921 1458462641 1587532233 2013312183 2421067375 1607125749 3924202345 2003479425 1273523513 1529803041 2182980829 2588199689 2105496751 2939312511 934722139 1873586145 3705556928 1120950771 3952777946 2427139949 1973421722 739411263 1983737863 650553016 612584047 899301394 863131509 204748396 1301536603 1906202310 284925217 1675295776 619597367 965140710 413816387 831647212 960766755 2021366322 1709289321 745170552 719637471 174912226 524134565 1957015236 1065289589 490210922 644050577 

1051990862 
86 2258366087 1023026685 2420460775 1334719657 1861055271 3179235457 3363220295 2170561441 3796278921 1458462641 1587532233 2013312183 2421067375 1607125749 3924202345 2003479425 1273523513 1529803041 2182980829 2588199689 2105496751 2939312511 934722139 1873586145 3705556928 1120950771 3952777946 2427139949 1973421722 739411263 1051990862 650553016 612584047 899301394 863131509 204748396 1301536603 1906202310 284925217 1675295776 619597367 965140710 413816387 831647212 960766755 2021366322 1709289321 745170552 719637471 174912226 524134565 1957015236 1065289589 490210922 644050577 

2821114457 
87 2258366087 1023026685 2420460775 1334719657 1861055271 3179235457 3363220295 2170561441 3796278921 1458462641 1587532233 2013312183 2421067375 1607125749 3924202345 2003479425 1273523513 1529803041 2182980829 2588199689 2105496751 2939312511 934722139 1873586145 3705556928 1120950771 3952777946 2427139949 1973421722 739411263 1051990862 2821114457 612584047 899301394 863131509 204748396 1301536603 1906202310 284925217 1675295776 619597367 965140710 413816387 831647212 960766755 2021366322 1709289321 745170552 719637471 174912226 524134565 1957015236 1065289589 490210922 644050577 

113895672 
88 2258366087 1023026685 2420460775 1334719657 1861055271 3179235457 3363220295 2170561441 3796278921 1458462641 1587532233 2013312183 2421067375 1607125749 3924202345 2003479425 1273523513 1529803041 2182980829 2588199689 2105496751 2939312511 934722139 1873586145 3705556928 1120950771 3952777946 2427139949 1973421722 739411263 1051990862 2821114457 113895672 899301394 863131509 204748396 1301536603 1906202310 284925217 1675295776 619597367 965140710 413816387 831647212 960766755 2021366322 1709289321 745170552 719637471 174912226 524134565 1957015236 1065289589 490210922 644050577 

2357764035 
89 2258366087 1023026685 2420460775 1334719657 1861055271 3179235457 3363220295 2170561441 3796278921 1458462641 1587532233 2013312183 2421067375 1607125749 3924202345 2003479425 1273523513 1529803041 2182980829 2588199689 2105496751 2939312511 934722139 1873586145 3705556928 1120950771 3952777946 2427139949 1973421722 739411263 1051990862 2821114457 113895672 2357764035 863131509 204748396 1301536603 1906202310 284925217 1675295776 619597367 965140710 413816387 831647212 960766755 2021366322 1709289321 745170552 719637471 174912226 524134565 1957015236 1065289589 490210922 644050577 

2450663742 
90 2258366087 1023026685 2420460775 1334719657 1861055271 3179235457 3363220295 2170561441 3796278921 1458462641 1587532233 2013312183 2421067375 1607125749 3924202345 2003479425 1273523513 1529803041 2182980829 2588199689 2105496751 2939312511 934722139 1873586145 3705556928 1120950771 3952777946 2427139949 1973421722 739411263 1051990862 2821114457 113895672 2357764035 2450663742 204748396 1301536603 1906202310 284925217 1675295776 619597367 965140710 413816387 831647212 960766755 2021366322 1709289321 745170552 719637471 174912226 524134565 1957015236 1065289589 490210922 644050577 

2218060579 
91 2258366087 1023026685 2420460775 1334719657 1861055271 3179235457 3363220295 2170561441 3796278921 1458462641 1587532233 2013312183 2421067375 1607125749 3924202345 2003479425 1273523513 1529803041 2182980829 2588199689 2105496751 2939312511 934722139 1873586145 3705556928 1120950771 3952777946 2427139949 1973421722 739411263 1051990862 2821114457 113895672 2357764035 2450663742 2218060579 1301536603 1906202310 284925217 1675295776 619597367 965140710 413816387 831647212 960766755 2021366322 1709289321 745170552 719637471 174912226 524134565 1957015236 1065289589 490210922 644050577 

3722603978 
92 2258366087 1023026685 2420460775 1334719657 1861055271 3179235457 3363220295 2170561441 3796278921 1458462641 1587532233 2013312183 2421067375 1607125749 3924202345 2003479425 1273523513 1529803041 2182980829 2588199689 2105496751 2939312511 934722139 1873586145 3705556928 1120950771 3952777946 2427139949 1973421722 739411263 1051990862 2821114457 113895672 2357764035 2450663742 2218060579 3722603978 1906202310 284925217 1675295776 619597367 965140710 413816387 831647212 960766755 2021366322 1709289321 745170552 719637471 174912226 524134565 1957015236 1065289589 490210922 644050577 

3513328059 
93 2258366087 1023026685 2420460775 1334719657 1861055271 3179235457 3363220295 2170561441 3796278921 1458462641 1587532233 2013312183 2421067375 1607125749 3924202345 2003479425 1273523513 1529803041 2182980829 2588199689 2105496751 2939312511 934722139 1873586145 3705556928 1120950771 3952777946 2427139949 1973421722 739411263 1051990862 2821114457 113895672 2357764035 2450663742 2218060579 3722603978 3513328059 284925217 1675295776 619597367 965140710 413816387 831647212 960766755 2021366322 1709289321 745170552 719637471 174912226 524134565 1957015236 1065289589 490210922 644050577 

4209127562 
94 2258366087 1023026685 2420460775 1334719657 1861055271 3179235457 3363220295 2170561441 3796278921 1458462641 1587532233 2013312183 2421067375 1607125749 3924202345 2003479425 1273523513 1529803041 2182980829 2588199689 2105496751 2939312511 934722139 1873586145 3705556928 1120950771 3952777946 2427139949 1973421722 739411263 1051990862 2821114457 113895672 2357764035 2450663742 2218060579 3722603978 3513328059 4209127562 1675295776 619597367 965140710 413816387 831647212 960766755 2021366322 1709289321 745170552 719637471 174912226 524134565 1957015236 1065289589 490210922 644050577 

3678775201 
95 2258366087 1023026685 2420460775 1334719657 1861055271 3179235457 3363220295 2170561441 3796278921 1458462641 1587532233 2013312183 2421067375 1607125749 3924202345 2003479425 1273523513 1529803041 2182980829 2588199689 2105496751 2939312511 934722139 1873586145 3705556928 1120950771 3952777946 2427139949 1973421722 739411263 1051990862 2821114457 113895672 2357764035 2450663742 2218060579 3722603978 3513328059 4209127562 3678775201 619597367 965140710 413816387 831647212 960766755 2021366322 1709289321 745170552 719637471 174912226 524134565 1957015236 1065289589 490210922 644050577 

1893120880 
96 2258366087 1023026685 2420460775 1334719657 1861055271 3179235457 3363220295 2170561441 3796278921 1458462641 1587532233 2013312183 2421067375 1607125749 3924202345 2003479425 1273523513 1529803041 2182980829 2588199689 2105496751 2939312511 934722139 1873586145 3705556928 1120950771 3952777946 2427139949 1973421722 739411263 1051990862 2821114457 113895672 2357764035 2450663742 2218060579 3722603978 3513328059 4209127562 3678775201 1893120880 965140710 413816387 831647212 960766755 2021366322 1709289321 745170552 719637471 174912226 524134565 1957015236 1065289589 490210922 644050577 

2494943751 
97 2258366087 1023026685 2420460775 1334719657 1861055271 3179235457 3363220295 2170561441 3796278921 1458462641 1587532233 2013312183 2421067375 1607125749 3924202345 2003479425 1273523513 1529803041 2182980829 2588199689 2105496751 2939312511 934722139 1873586145 3705556928 1120950771 3952777946 2427139949 1973421722 739411263 1051990862 2821114457 113895672 2357764035 2450663742 2218060579 3722603978 3513328059 4209127562 3678775201 1893120880 2494943751 413816387 831647212 960766755 2021366322 1709289321 745170552 719637471 174912226 524134565 1957015236 1065289589 490210922 644050577 

2596797216 
98 2258366087 1023026685 2420460775 1334719657 1861055271 3179235457 3363220295 2170561441 3796278921 1458462641 1587532233 2013312183 2421067375 1607125749 3924202345 2003479425 1273523513 1529803041 2182980829 2588199689 2105496751 2939312511 934722139 1873586145 3705556928 1120950771 3952777946 2427139949 1973421722 739411263 1051990862 2821114457 113895672 2357764035 2450663742 2218060579 3722603978 3513328059 4209127562 3678775201 1893120880 2494943751 2596797216 831647212 960766755 2021366322 1709289321 745170552 719637471 174912226 524134565 1957015236 1065289589 490210922 644050577 

3419846901 
99 2258366087 1023026685 2420460775 1334719657 1861055271 3179235457 3363220295 2170561441 3796278921 1458462641 1587532233 2013312183 2421067375 1607125749 3924202345 2003479425 1273523513 1529803041 2182980829 2588199689 2105496751 2939312511 934722139 1873586145 3705556928 1120950771 3952777946 2427139949 1973421722 739411263 1051990862 2821114457 113895672 2357764035 2450663742 2218060579 3722603978 3513328059 4209127562 3678775201 1893120880 2494943751 2596797216 3419846901 960766755 2021366322 1709289321 745170552 719637471 174912226 524134565 1957015236 1065289589 490210922 644050577 

3066263506 
100 2258366087 1023026685 2420460775 1334719657 1861055271 3179235457 3363220295 2170561441 3796278921 1458462641 1587532233 2013312183 2421067375 1607125749 3924202345 2003479425 1273523513 1529803041 2182980829 2588199689 2105496751 2939312511 934722139 1873586145 3705556928 1120950771 3952777946 2427139949 1973421722 739411263 1051990862 2821114457 113895672 2357764035 2450663742 2218060579 3722603978 3513328059 4209127562 3678775201 1893120880 2494943751 2596797216 3419846901 3066263506 2021366322 1709289321 745170552 719637471 174912226 524134565 1957015236 1065289589 490210922 644050577 

665711537 
101 2258366087 1023026685 2420460775 1334719657 1861055271 3179235457 3363220295 2170561441 3796278921 1458462641 1587532233 2013312183 2421067375 1607125749 3924202345 2003479425 1273523513 1529803041 2182980829 2588199689 2105496751 2939312511 934722139 1873586145 3705556928 1120950771 3952777946 2427139949 1973421722 739411263 1051990862 2821114457 113895672 2357764035 2450663742 2218060579 3722603978 3513328059 4209127562 3678775201 1893120880 2494943751 2596797216 3419846901 3066263506 665711537 1709289321 745170552 719637471 174912226 524134565 1957015236 1065289589 490210922 644050577 

2644011460 
102 2258366087 1023026685 2420460775 1334719657 1861055271 3179235457 3363220295 2170561441 3796278921 1458462641 1587532233 2013312183 2421067375 1607125749 3924202345 2003479425 1273523513 1529803041 2182980829 2588199689 2105496751 2939312511 934722139 1873586145 3705556928 1120950771 3952777946 2427139949 1973421722 739411263 1051990862 2821114457 113895672 2357764035 2450663742 2218060579 3722603978 3513328059 4209127562 3678775201 1893120880 2494943751 2596797216 3419846901 3066263506 665711537 2644011460 745170552 719637471 174912226 524134565 1957015236 1065289589 490210922 644050577 

2618756697 
103 2258366087 1023026685 2420460775 1334719657 1861055271 3179235457 3363220295 2170561441 3796278921 1458462641 1587532233 2013312183 2421067375 1607125749 3924202345 2003479425 1273523513 1529803041 2182980829 2588199689 2105496751 2939312511 934722139 1873586145 3705556928 1120950771 3952777946 2427139949 1973421722 739411263 1051990862 2821114457 113895672 2357764035 2450663742 2218060579 3722603978 3513328059 4209127562 3678775201 1893120880 2494943751 2596797216 3419846901 3066263506 665711537 2644011460 2618756697 719637471 174912226 524134565 1957015236 1065289589 490210922 644050577 

130227103 
104 2258366087 1023026685 2420460775 1334719657 1861055271 3179235457 3363220295 2170561441 3796278921 1458462641 1587532233 2013312183 2421067375 1607125749 3924202345 2003479425 1273523513 1529803041 2182980829 2588199689 2105496751 2939312511 934722139 1873586145 3705556928 1120950771 3952777946 2427139949 1973421722 739411263 1051990862 2821114457 113895672 2357764035 2450663742 2218060579 3722603978 3513328059 4209127562 3678775201 1893120880 2494943751 2596797216 3419846901 3066263506 665711537 2644011460 2618756697 130227103 174912226 524134565 1957015236 1065289589 490210922 644050577 

1295862997 
105 2258366087 1023026685 2420460775 1334719657 1861055271 3179235457 3363220295 2170561441 3796278921 1458462641 1587532233 2013312183 2421067375 1607125749 3924202345 2003479425 1273523513 1529803041 2182980829 2588199689 2105496751 2939312511 934722139 1873586145 3705556928 1120950771 3952777946 2427139949 1973421722 739411263 1051990862 2821114457 113895672 2357764035 2450663742 2218060579 3722603978 3513328059 4209127562 3678775201 1893120880 2494943751 2596797216 3419846901 3066263506 665711537 2644011460 2618756697 130227103 1295862997 524134565 1957015236 1065289589 490210922 644050577 

181945215 
106 2258366087 1023026685 2420460775 1334719657 1861055271 3179235457 3363220295 2170561441 3796278921 1458462641 1587532233 2013312183 2421067375 1607125749 3924202345 2003479425 1273523513 1529803041 2182980829 2588199689 2105496751 2939312511 934722139 1873586145 3705556928 1120950771 3952777946 2427139949 1973421722 739411263 1051990862 2821114457 113895672 2357764035 2450663742 2218060579 3722603978 3513328059 4209127562 3678775201 1893120880 2494943751 2596797216 3419846901 3066263506 665711537 2644011460 2618756697 130227103 1295862997 181945215 1957015236 1065289589 490210922 644050577 

89187889 
107 2258366087 1023026685 2420460775 1334719657 1861055271 3179235457 3363220295 2170561441 3796278921 1458462641 1587532233 2013312183 2421067375 1607125749 3924202345 2003479425 1273523513 1529803041 2182980829 2588199689 2105496751 2939312511 934722139 1873586145 3705556928 1120950771 3952777946 2427139949 1973421722 739411263 1051990862 2821114457 113895672 2357764035 2450663742 2218060579 3722603978 3513328059 4209127562 3678775201 1893120880 2494943751 2596797216 3419846901 3066263506 665711537 2644011460 2618756697 130227103 1295862997 181945215 89187889 1065289589 490210922 644050577 

3038711311 
108 2258366087 1023026685 2420460775 1334719657 1861055271 3179235457 3363220295 2170561441 3796278921 1458462641 1587532233 2013312183 2421067375 1607125749 3924202345 2003479425 1273523513 1529803041 2182980829 2588199689 2105496751 2939312511 934722139 1873586145 3705556928 1120950771 3952777946 2427139949 1973421722 739411263 1051990862 2821114457 113895672 2357764035 2450663742 2218060579 3722603978 3513328059 4209127562 3678775201 1893120880 2494943751 2596797216 3419846901 3066263506 665711537 2644011460 2618756697 130227103 1295862997 181945215 89187889 3038711311 490210922 644050577 

1229622185 
109 2258366087 1023026685 2420460775 1334719657 1861055271 3179235457 3363220295 2170561441 3796278921 1458462641 1587532233 2013312183 2421067375 1607125749 3924202345 2003479425 1273523513 1529803041 2182980829 2588199689 2105496751 2939312511 934722139 1873586145 3705556928 1120950771 3952777946 2427139949 1973421722 739411263 1051990862 2821114457 113895672 2357764035 2450663742 2218060579 3722603978 3513328059 4209127562 3678775201 1893120880 2494943751 2596797216 3419846901 3066263506 665711537 2644011460 2618756697 130227103 1295862997 181945215 89187889 3038711311 1229622185 644050577 

1696041439 
55 2258366087 1023026685 2420460775 1334719657 1861055271 3179235457 3363220295 2170561441 3796278921 1458462641 1587532233 2013312183 2421067375 1607125749 3924202345 2003479425 1273523513 1529803041 2182980829 2588199689 2105496751 2939312511 934722139 1873586145 3705556928 1120950771 3952777946 2427139949 1973421722 739411263 1051990862 2821114457 113895672 2357764035 2450663742 2218060579 3722603978 3513328059 4209127562 3678775201 1893120880 2494943751 2596797216 3419846901 3066263506 665711537 2644011460 2618756697 130227103 1295862997 181945215 89187889 3038711311 1229622185 1696041439 

784513248 
56 784513248 1023026685 2420460775 1334719657 1861055271 3179235457 3363220295 2170561441 3796278921 1458462641 1587532233 2013312183 2421067375 1607125749 3924202345 2003479425 1273523513 1529803041 2182980829 2588199689 2105496751 2939312511 934722139 1873586145 3705556928 1120950771 3952777946 2427139949 1973421722 739411263 1051990862 2821114457 113895672 2357764035 2450663742 2218060579 3722603978 3513328059 4209127562 3678775201 1893120880 2494943751 2596797216 3419846901 3066263506 665711537 2644011460 2618756697 130227103 1295862997 181945215 89187889 3038711311 1229622185 1696041439 

1136922357 
57 784513248 1136922357 2420460775 1334719657 1861055271 3179235457 3363220295 2170561441 3796278921 1458462641 1587532233 2013312183 2421067375 1607125749 3924202345 2003479425 1273523513 1529803041 2182980829 2588199689 2105496751 2939312511 934722139 1873586145 3705556928 1120950771 3952777946 2427139949 1973421722 739411263 1051990862 2821114457 113895672 2357764035 2450663742 2218060579 3722603978 3513328059 4209127562 3678775201 1893120880 2494943751 2596797216 3419846901 3066263506 665711537 2644011460 2618756697 130227103 1295862997 181945215 89187889 3038711311 1229622185 1696041439 

483257514 
58 784513248 1136922357 483257514 1334719657 1861055271 3179235457 3363220295 2170561441 3796278921 1458462641 1587532233 2013312183 2421067375 1607125749 3924202345 2003479425 1273523513 1529803041 2182980829 2588199689 2105496751 2939312511 934722139 1873586145 3705556928 1120950771 3952777946 2427139949 1973421722 739411263 1051990862 2821114457 113895672 2357764035 2450663742 2218060579 3722603978 3513328059 4209127562 3678775201 1893120880 2494943751 2596797216 3419846901 3066263506 665711537 2644011460 2618756697 130227103 1295862997 181945215 89187889 3038711311 1229622185 1696041439 

3785383399 
59 784513248 1136922357 483257514 3785383399 1861055271 3179235457 3363220295 2170561441 3796278921 1458462641 1587532233 2013312183 2421067375 1607125749 3924202345 2003479425 1273523513 1529803041 2182980829 2588199689 2105496751 2939312511 934722139 1873586145 3705556928 1120950771 3952777946 2427139949 1973421722 739411263 1051990862 2821114457 113895672 2357764035 2450663742 2218060579 3722603978 3513328059 4209127562 3678775201 1893120880 2494943751 2596797216 3419846901 3066263506 665711537 2644011460 2618756697 130227103 1295862997 181945215 89187889 3038711311 1229622185 1696041439 

4079115850 
60 784513248 1136922357 483257514 3785383399 4079115850 3179235457 3363220295 2170561441 3796278921 1458462641 1587532233 2013312183 2421067375 1607125749 3924202345 2003479425 1273523513 1529803041 2182980829 2588199689 2105496751 2939312511 934722139 1873586145 3705556928 1120950771 3952777946 2427139949 1973421722 739411263 1051990862 2821114457 113895672 2357764035 2450663742 2218060579 3722603978 3513328059 4209127562 3678775201 1893120880 2494943751 2596797216 3419846901 3066263506 665711537 2644011460 2618756697 130227103 1295862997 181945215 89187889 3038711311 1229622185 1696041439 

2606872139 
61 784513248 1136922357 483257514 3785383399 4079115850 2606872139 3363220295 2170561441 3796278921 1458462641 1587532233 2013312183 2421067375 1607125749 3924202345 2003479425 1273523513 1529803041 2182980829 2588199689 2105496751 2939312511 934722139 1873586145 3705556928 1120950771 3952777946 2427139949 1973421722 739411263 1051990862 2821114457 113895672 2357764035 2450663742 2218060579 3722603978 3513328059 4209127562 3678775201 1893120880 2494943751 2596797216 3419846901 3066263506 665711537 2644011460 2618756697 130227103 1295862997 181945215 89187889 3038711311 1229622185 1696041439 

2581581058 
62 784513248 1136922357 483257514 3785383399 4079115850 2606872139 2581581058 2170561441 3796278921 1458462641 1587532233 2013312183 2421067375 1607125749 3924202345 2003479425 1273523513 1529803041 2182980829 2588199689 2105496751 2939312511 934722139 1873586145 3705556928 1120950771 3952777946 2427139949 1973421722 739411263 1051990862 2821114457 113895672 2357764035 2450663742 2218060579 3722603978 3513328059 4209127562 3678775201 1893120880 2494943751 2596797216 3419846901 3066263506 665711537 2644011460 2618756697 130227103 1295862997 181945215 89187889 3038711311 1229622185 1696041439 

2084721707 
63 784513248 1136922357 483257514 3785383399 4079115850 2606872139 2581581058 2084721707 3796278921 1458462641 1587532233 2013312183 2421067375 1607125749 3924202345 2003479425 1273523513 1529803041 2182980829 2588199689 2105496751 2939312511 934722139 1873586145 3705556928 1120950771 3952777946 2427139949 1973421722 739411263 1051990862 2821114457 113895672 2357764035 2450663742 2218060579 3722603978 3513328059 4209127562 3678775201 1893120880 2494943751 2596797216 3419846901 3066263506 665711537 2644011460 2618756697 130227103 1295862997 181945215 89187889 3038711311 1229622185 1696041439 

3180086826 
64 784513248 1136922357 483257514 3785383399 4079115850 2606872139 2581581058 2084721707 3180086826 1458462641 1587532233 2013312183 2421067375 1607125749 3924202345 2003479425 1273523513 1529803041 2182980829 2588199689 2105496751 2939312511 934722139 1873586145 3705556928 1120950771 3952777946 2427139949 1973421722 739411263 1051990862 2821114457 113895672 2357764035 2450663742 2218060579 3722603978 3513328059 4209127562 3678775201 1893120880 2494943751 2596797216 3419846901 3066263506 665711537 2644011460 2618756697 130227103 1295862997 181945215 89187889 3038711311 1229622185 1696041439 

3351583521 
65 784513248 1136922357 483257514 3785383399 4079115850 2606872139 2581581058 2084721707 3180086826 3351583521 1587532233 2013312183 2421067375 1607125749 3924202345 2003479425 1273523513 1529803041 2182980829 2588199689 2105496751 2939312511 934722139 1873586145 3705556928 1120950771 3952777946 2427139949 1973421722 739411263 1051990862 2821114457 113895672 2357764035 2450663742 2218060579 3722603978 3513328059 4209127562 3678775201 1893120880 2494943751 2596797216 3419846901 3066263506 665711537 2644011460 2618756697 130227103 1295862997 181945215 89187889 3038711311 1229622185 1696041439 

4082475984 
66 784513248 1136922357 483257514 3785383399 4079115850 2606872139 2581581058 2084721707 3180086826 3351583521 4082475984 2013312183 2421067375 1607125749 3924202345 2003479425 1273523513 1529803041 2182980829 2588199689 2105496751 2939312511 934722139 1873586145 3705556928 1120950771 3952777946 2427139949 1973421722 739411263 1051990862 2821114457 113895672 2357764035 2450663742 2218060579 3722603978 3513328059 4209127562 3678775201 1893120880 2494943751 2596797216 3419846901 3066263506 665711537 2644011460 2618756697 130227103 1295862997 181945215 89187889 3038711311 1229622185 1696041439 

315142103 
67 784513248 1136922357 483257514 3785383399 4079115850 2606872139 2581581058 2084721707 3180086826 3351583521 4082475984 315142103 2421067375 1607125749 3924202345 2003479425 1273523513 1529803041 2182980829 2588199689 2105496751 2939312511 934722139 1873586145 3705556928 1120950771 3952777946 2427139949 1973421722 739411263 1051990862 2821114457 113895672 2357764035 2450663742 2218060579 3722603978 3513328059 4209127562 3678775201 1893120880 2494943751 2596797216 3419846901 3066263506 665711537 2644011460 2618756697 130227103 1295862997 181945215 89187889 3038711311 1229622185 1696041439 

1545946980 
68 784513248 1136922357 483257514 3785383399 4079115850 2606872139 2581581058 2084721707 3180086826 3351583521 4082475984 315142103 1545946980 1607125749 3924202345 2003479425 1273523513 1529803041 2182980829 2588199689 2105496751 2939312511 934722139 1873586145 3705556928 1120950771 3952777946 2427139949 1973421722 739411263 1051990862 2821114457 113895672 2357764035 2450663742 2218060579 3722603978 3513328059 4209127562 3678775201 1893120880 2494943751 2596797216 3419846901 3066263506 665711537 2644011460 2618756697 130227103 1295862997 181945215 89187889 3038711311 1229622185 1696041439 

378421959 
69 784513248 1136922357 483257514 3785383399 4079115850 2606872139 2581581058 2084721707 3180086826 3351583521 4082475984 315142103 1545946980 378421959 3924202345 2003479425 1273523513 1529803041 2182980829 2588199689 2105496751 2939312511 934722139 1873586145 3705556928 1120950771 3952777946 2427139949 1973421722 739411263 1051990862 2821114457 113895672 2357764035 2450663742 2218060579 3722603978 3513328059 4209127562 3678775201 1893120880 2494943751 2596797216 3419846901 3066263506 665711537 2644011460 2618756697 130227103 1295862997 181945215 89187889 3038711311 1229622185 1696041439 

294946586 
70 784513248 1136922357 483257514 3785383399 4079115850 2606872139 2581581058 2084721707 3180086826 3351583521 4082475984 315142103 1545946980 378421959 294946586 2003479425 1273523513 1529803041 2182980829 2588199689 2105496751 2939312511 934722139 1873586145 3705556928 1120950771 3952777946 2427139949 1973421722 739411263 1051990862 2821114457 113895672 2357764035 2450663742 2218060579 3722603978 3513328059 4209127562 3678775201 1893120880 2494943751 2596797216 3419846901 3066263506 665711537 2644011460 2618756697 130227103 1295862997 181945215 89187889 3038711311 1229622185 1696041439 

352523589 
71 784513248 1136922357 483257514 3785383399 4079115850 2606872139 2581581058 2084721707 3180086826 3351583521 4082475984 315142103 1545946980 378421959 294946586 352523589 1273523513 1529803041 2182980829 2588199689 2105496751 2939312511 934722139 1873586145 3705556928 1120950771 3952777946 2427139949 1973421722 739411263 1051990862 2821114457 113895672 2357764035 2450663742 2218060579 3722603978 3513328059 4209127562 3678775201 1893120880 2494943751 2596797216 3419846901 3066263506 665711537 2644011460 2618756697 130227103 1295862997 181945215 89187889 3038711311 1229622185 1696041439 

3892280210 
72 784513248 1136922357 483257514 3785383399 4079115850 2606872139 2581581058 2084721707 3180086826 3351583521 4082475984 315142103 1545946980 378421959 294946586 352523589 3892280210 1529803041 2182980829 2588199689 2105496751 2939312511 934722139 1873586145 3705556928 1120950771 3952777946 2427139949 1973421722 739411263 1051990862 2821114457 113895672 2357764035 2450663742 2218060579 3722603978 3513328059 4209127562 3678775201 1893120880 2494943751 2596797216 3419846901 3066263506 665711537 2644011460 2618756697 130227103 1295862997 181945215 89187889 3038711311 1229622185 1696041439 

1660030144 
73 784513248 1136922357 483257514 3785383399 4079115850 2606872139 2581581058 2084721707 3180086826 3351583521 4082475984 315142103 1545946980 378421959 294946586 352523589 3892280210 1660030144 2182980829 2588199689 2105496751 2939312511 934722139 1873586145 3705556928 1120950771 3952777946 2427139949 1973421722 739411263 1051990862 2821114457 113895672 2357764035 2450663742 2218060579 3722603978 3513328059 4209127562 3678775201 1893120880 2494943751 2596797216 3419846901 3066263506 665711537 2644011460 2618756697 130227103 1295862997 181945215 89187889 3038711311 1229622185 1696041439 

3478843826 
74 784513248 1136922357 483257514 3785383399 4079115850 2606872139 2581581058 2084721707 3180086826 3351583521 4082475984 315142103 1545946980 378421959 294946586 352523589 3892280210 1660030144 3478843826 2588199689 2105496751 2939312511 934722139 1873586145 3705556928 1120950771 3952777946 2427139949 1973421722 739411263 1051990862 2821114457 113895672 2357764035 2450663742 2218060579 3722603978 3513328059 4209127562 3678775201 1893120880 2494943751 2596797216 3419846901 3066263506 665711537 2644011460 2618756697 130227103 1295862997 181945215 89187889 3038711311 1229622185 1696041439 

2770144904 
75 784513248 1136922357 483257514 3785383399 4079115850 2606872139 2581581058 2084721707 3180086826 3351583521 4082475984 315142103 1545946980 378421959 294946586 352523589 3892280210 1660030144 3478843826 2770144904 2105496751 2939312511 934722139 1873586145 3705556928 1120950771 3952777946 2427139949 1973421722 739411263 1051990862 2821114457 113895672 2357764035 2450663742 2218060579 3722603978 3513328059 4209127562 3678775201 1893120880 2494943751 2596797216 3419846901 3066263506 665711537 2644011460 2618756697 130227103 1295862997 181945215 89187889 3038711311 1229622185 1696041439 

2194684640 
76 784513248 1136922357 483257514 3785383399 4079115850 2606872139 2581581058 2084721707 3180086826 3351583521 4082475984 315142103 1545946980 378421959 294946586 352523589 3892280210 1660030144 3478843826 2770144904 2194684640 2939312511 934722139 1873586145 3705556928 1120950771 3952777946 2427139949 1973421722 739411263 1051990862 2821114457 113895672 2357764035 2450663742 2218060579 3722603978 3513328059 4209127562 3678775201 1893120880 2494943751 2596797216 3419846901 3066263506 665711537 2644011460 2618756697 130227103 1295862997 181945215 89187889 3038711311 1229622185 1696041439 

1683056526 
77 784513248 1136922357 483257514 3785383399 4079115850 2606872139 2581581058 2084721707 3180086826 3351583521 4082475984 315142103 1545946980 378421959 294946586 352523589 3892280210 1660030144 3478843826 2770144904 2194684640 1683056526 934722139 1873586145 3705556928 1120950771 3952777946 2427139949 1973421722 739411263 1051990862 2821114457 113895672 2357764035 2450663742 2218060579 3722603978 3513328059 4209127562 3678775201 1893120880 2494943751 2596797216 3419846901 3066263506 665711537 2644011460 2618756697 130227103 1295862997 181945215 89187889 3038711311 1229622185 1696041439 

2164344324 
78 784513248 1136922357 483257514 3785383399 4079115850 2606872139 2581581058 2084721707 3180086826 3351583521 4082475984 315142103 1545946980 378421959 294946586 352523589 3892280210 1660030144 3478843826 2770144904 2194684640 1683056526 2164344324 1873586145 3705556928 1120950771 3952777946 2427139949 1973421722 739411263 1051990862 2821114457 113895672 2357764035 2450663742 2218060579 3722603978 3513328059 4209127562 3678775201 1893120880 2494943751 2596797216 3419846901 3066263506 665711537 2644011460 2618756697 130227103 1295862997 181945215 89187889 3038711311 1229622185 1696041439 

3569627584 
79 784513248 1136922357 483257514 3785383399 4079115850 2606872139 2581581058 2084721707 3180086826 3351583521 4082475984 315142103 1545946980 378421959 294946586 352523589 3892280210 1660030144 3478843826 2770144904 2194684640 1683056526 2164344324 3569627584 3705556928 1120950771 3952777946 2427139949 1973421722 739411263 1051990862 2821114457 113895672 2357764035 2450663742 2218060579 3722603978 3513328059 4209127562 3678775201 1893120880 2494943751 2596797216 3419846901 3066263506 665711537 2644011460 2618756697 130227103 1295862997 181945215 89187889 3038711311 1229622185 1696041439 

195102880 
80 784513248 1136922357 483257514 3785383399 4079115850 2606872139 2581581058 2084721707 3180086826 3351583521 4082475984 315142103 1545946980 378421959 294946586 352523589 3892280210 1660030144 3478843826 2770144904 2194684640 1683056526 2164344324 3569627584 195102880 1120950771 3952777946 2427139949 1973421722 739411263 1051990862 2821114457 113895672 2357764035 2450663742 2218060579 3722603978 3513328059 4209127562 3678775201 1893120880 2494943751 2596797216 3419846901 3066263506 665711537 2644011460 2618756697 130227103 1295862997 181945215 89187889 3038711311 1229622185 1696041439 

2257873128 
81 784513248 1136922357 483257514 3785383399 4079115850 2606872139 2581581058 2084721707 3180086826 3351583521 4082475984 315142103 1545946980 378421959 294946586 352523589 3892280210 1660030144 3478843826 2770144904 2194684640 1683056526 2164344324 3569627584 195102880 2257873128 3952777946 2427139949 1973421722 739411263 1051990862 2821114457 113895672 2357764035 2450663742 2218060579 3722603978 3513328059 4209127562 3678775201 1893120880 2494943751 2596797216 3419846901 3066263506 665711537 2644011460 2618756697 130227103 1295862997 181945215 89187889 3038711311 1229622185 1696041439 

141068164 
82 784513248 1136922357 483257514 3785383399 4079115850 2606872139 2581581058 2084721707 3180086826 3351583521 4082475984 315142103 1545946980 378421959 294946586 352523589 3892280210 1660030144 3478843826 2770144904 2194684640 1683056526 2164344324 3569627584 195102880 2257873128 141068164 2427139949 1973421722 739411263 1051990862 2821114457 113895672 2357764035 2450663742 2218060579 3722603978 3513328059 4209127562 3678775201 1893120880 2494943751 2596797216 3419846901 3066263506 665711537 2644011460 2618756697 130227103 1295862997 181945215 89187889 3038711311 1229622185 1696041439 

1917556052 
83 784513248 1136922357 483257514 3785383399 4079115850 2606872139 2581581058 2084721707 3180086826 3351583521 4082475984 315142103 1545946980 378421959 294946586 352523589 3892280210 1660030144 3478843826 2770144904 2194684640 1683056526 2164344324 3569627584 195102880 2257873128 141068164 1917556052 1973421722 739411263 1051990862 2821114457 113895672 2357764035 2450663742 2218060579 3722603978 3513328059 4209127562 3678775201 1893120880 2494943751 2596797216 3419846901 3066263506 665711537 2644011460 2618756697 130227103 1295862997 181945215 89187889 3038711311 1229622185 1696041439 

1757570276 
84 784513248 1136922357 483257514 3785383399 4079115850 2606872139 2581581058 2084721707 3180086826 3351583521 4082475984 315142103 1545946980 378421959 294946586 352523589 3892280210 1660030144 3478843826 2770144904 2194684640 1683056526 2164344324 3569627584 195102880 2257873128 141068164 1917556052 1757570276 739411263 1051990862 2821114457 113895672 2357764035 2450663742 2218060579 3722603978 3513328059 4209127562 3678775201 1893120880 2494943751 2596797216 3419846901 3066263506 665711537 2644011460 2618756697 130227103 1295862997 181945215 89187889 3038711311 1229622185 1696041439 

3346283402 
85 784513248 1136922357 483257514 3785383399 4079115850 2606872139 2581581058 2084721707 3180086826 3351583521 4082475984 315142103 1545946980 378421959 294946586 352523589 3892280210 1660030144 3478843826 2770144904 2194684640 1683056526 2164344324 3569627584 195102880 2257873128 141068164 1917556052 1757570276 3346283402 1051990862 2821114457 113895672 2357764035 2450663742 2218060579 3722603978 3513328059 4209127562 3678775201 1893120880 2494943751 2596797216 3419846901 3066263506 665711537 2644011460 2618756697 130227103 1295862997 181945215 89187889 3038711311 1229622185 1696041439 

3633571920 
86 784513248 1136922357 483257514 3785383399 4079115850 2606872139 2581581058 2084721707 3180086826 3351583521 4082475984 315142103 1545946980 378421959 294946586 352523589 3892280210 1660030144 3478843826 2770144904 2194684640 1683056526 2164344324 3569627584 195102880 2257873128 141068164 1917556052 1757570276 3346283402 3633571920 2821114457 113895672 2357764035 2450663742 2218060579 3722603978 3513328059 4209127562 3678775201 1893120880 2494943751 2596797216 3419846901 3066263506 665711537 2644011460 2618756697 130227103 1295862997 181945215 89187889 3038711311 1229622185 1696041439 

610868868 
87 784513248 1136922357 483257514 3785383399 4079115850 2606872139 2581581058 2084721707 3180086826 3351583521 4082475984 315142103 1545946980 378421959 294946586 352523589 3892280210 1660030144 3478843826 2770144904 2194684640 1683056526 2164344324 3569627584 195102880 2257873128 141068164 1917556052 1757570276 3346283402 3633571920 610868868 113895672 2357764035 2450663742 2218060579 3722603978 3513328059 4209127562 3678775201 1893120880 2494943751 2596797216 3419846901 3066263506 665711537 2644011460 2618756697 130227103 1295862997 181945215 89187889 3038711311 1229622185 1696041439 

3293982498 
88 784513248 1136922357 483257514 3785383399 4079115850 2606872139 2581581058 2084721707 3180086826 3351583521 4082475984 315142103 1545946980 378421959 294946586 352523589 3892280210 1660030144 3478843826 2770144904 2194684640 1683056526 2164344324 3569627584 195102880 2257873128 141068164 1917556052 1757570276 3346283402 3633571920 610868868 3293982498 2357764035 2450663742 2218060579 3722603978 3513328059 4209127562 3678775201 1893120880 2494943751 2596797216 3419846901 3066263506 665711537 2644011460 2618756697 130227103 1295862997 181945215 89187889 3038711311 1229622185 1696041439 

1414380260 
89 784513248 1136922357 483257514 3785383399 4079115850 2606872139 2581581058 2084721707 3180086826 3351583521 4082475984 315142103 1545946980 378421959 294946586 352523589 3892280210 1660030144 3478843826 2770144904 2194684640 1683056526 2164344324 3569627584 195102880 2257873128 141068164 1917556052 1757570276 3346283402 3633571920 610868868 3293982498 1414380260 2450663742 2218060579 3722603978 3513328059 4209127562 3678775201 1893120880 2494943751 2596797216 3419846901 3066263506 665711537 2644011460 2618756697 130227103 1295862997 181945215 89187889 3038711311 1229622185 1696041439 

2238172430 
90 784513248 1136922357 483257514 3785383399 4079115850 2606872139 2581581058 2084721707 3180086826 3351583521 4082475984 315142103 1545946980 378421959 294946586 352523589 3892280210 1660030144 3478843826 2770144904 2194684640 1683056526 2164344324 3569627584 195102880 2257873128 141068164 1917556052 1757570276 3346283402 3633571920 610868868 3293982498 1414380260 2238172430 2218060579 3722603978 3513328059 4209127562 3678775201 1893120880 2494943751 2596797216 3419846901 3066263506 665711537 2644011460 2618756697 130227103 1295862997 181945215 89187889 3038711311 1229622185 1696041439 

2533202682 
91 784513248 1136922357 483257514 3785383399 4079115850 2606872139 2581581058 2084721707 3180086826 3351583521 4082475984 315142103 1545946980 378421959 294946586 352523589 3892280210 1660030144 3478843826 2770144904 2194684640 1683056526 2164344324 3569627584 195102880 2257873128 141068164 1917556052 1757570276 3346283402 3633571920 610868868 3293982498 1414380260 2238172430 2533202682 3722603978 3513328059 4209127562 3678775201 1893120880 2494943751 2596797216 3419846901 3066263506 665711537 2644011460 2618756697 130227103 1295862997 181945215 89187889 3038711311 1229622185 1696041439 

973583662 
92 784513248 1136922357 483257514 3785383399 4079115850 2606872139 2581581058 2084721707 3180086826 3351583521 4082475984 315142103 1545946980 378421959 294946586 352523589 3892280210 1660030144 3478843826 2770144904 2194684640 1683056526 2164344324 3569627584 195102880 2257873128 141068164 1917556052 1757570276 3346283402 3633571920 610868868 3293982498 1414380260 2238172430 2533202682 973583662 3513328059 4209127562 3678775201 1893120880 2494943751 2596797216 3419846901 3066263506 665711537 2644011460 2618756697 130227103 1295862997 181945215 89187889 3038711311 1229622185 1696041439 

3891750018 
93 784513248 1136922357 483257514 3785383399 4079115850 2606872139 2581581058 2084721707 3180086826 3351583521 4082475984 315142103 1545946980 378421959 294946586 352523589 3892280210 1660030144 3478843826 2770144904 2194684640 1683056526 2164344324 3569627584 195102880 2257873128 141068164 1917556052 1757570276 3346283402 3633571920 610868868 3293982498 1414380260 2238172430 2533202682 973583662 3891750018 4209127562 3678775201 1893120880 2494943751 2596797216 3419846901 3066263506 665711537 2644011460 2618756697 130227103 1295862997 181945215 89187889 3038711311 1229622185 1696041439 

209106852 
94 784513248 1136922357 483257514 3785383399 4079115850 2606872139 2581581058 2084721707 3180086826 3351583521 4082475984 315142103 1545946980 378421959 294946586 352523589 3892280210 1660030144 3478843826 2770144904 2194684640 1683056526 2164344324 3569627584 195102880 2257873128 141068164 1917556052 1757570276 3346283402 3633571920 610868868 3293982498 1414380260 2238172430 2533202682 973583662 3891750018 209106852 3678775201 1893120880 2494943751 2596797216 3419846901 3066263506 665711537 2644011460 2618756697 130227103 1295862997 181945215 89187889 3038711311 1229622185 1696041439 

4031298790 
95 784513248 1136922357 483257514 3785383399 4079115850 2606872139 2581581058 2084721707 3180086826 3351583521 4082475984 315142103 1545946980 378421959 294946586 352523589 3892280210 1660030144 3478843826 2770144904 2194684640 1683056526 2164344324 3569627584 195102880 2257873128 141068164 1917556052 1757570276 3346283402 3633571920 610868868 3293982498 1414380260 2238172430 2533202682 973583662 3891750018 209106852 4031298790 1893120880 2494943751 2596797216 3419846901 3066263506 665711537 2644011460 2618756697 130227103 1295862997 181945215 89187889 3038711311 1229622185 1696041439 

1490433794 
96 784513248 1136922357 483257514 3785383399 4079115850 2606872139 2581581058 2084721707 3180086826 3351583521 4082475984 315142103 1545946980 378421959 294946586 352523589 3892280210 1660030144 3478843826 2770144904 2194684640 1683056526 2164344324 3569627584 195102880 2257873128 141068164 1917556052 1757570276 3346283402 3633571920 610868868 3293982498 1414380260 2238172430 2533202682 973583662 3891750018 209106852 4031298790 1490433794 2494943751 2596797216 3419846901 3066263506 665711537 2644011460 2618756697 130227103 1295862997 181945215 89187889 3038711311 1229622185 1696041439 

4154973895 
97 784513248 1136922357 483257514 3785383399 4079115850 2606872139 2581581058 2084721707 3180086826 3351583521 4082475984 315142103 1545946980 378421959 294946586 352523589 3892280210 1660030144 3478843826 2770144904 2194684640 1683056526 2164344324 3569627584 195102880 2257873128 141068164 1917556052 1757570276 3346283402 3633571920 610868868 3293982498 1414380260 2238172430 2533202682 973583662 3891750018 209106852 4031298790 1490433794 4154973895 2596797216 3419846901 3066263506 665711537 2644011460 2618756697 130227103 1295862997 181945215 89187889 3038711311 1229622185 1696041439 

1780673746 
98 784513248 1136922357 483257514 3785383399 4079115850 2606872139 2581581058 2084721707 3180086826 3351583521 4082475984 315142103 1545946980 378421959 294946586 352523589 3892280210 1660030144 3478843826 2770144904 2194684640 1683056526 2164344324 3569627584 195102880 2257873128 141068164 1917556052 1757570276 3346283402 3633571920 610868868 3293982498 1414380260 2238172430 2533202682 973583662 3891750018 209106852 4031298790 1490433794 4154973895 1780673746 3419846901 3066263506 665711537 2644011460 2618756697 130227103 1295862997 181945215 89187889 3038711311 1229622185 1696041439 

1895024509 
99 784513248 1136922357 483257514 3785383399 4079115850 2606872139 2581581058 2084721707 3180086826 3351583521 4082475984 315142103 1545946980 378421959 294946586 352523589 3892280210 1660030144 3478843826 2770144904 2194684640 1683056526 2164344324 3569627584 195102880 2257873128 141068164 1917556052 1757570276 3346283402 3633571920 610868868 3293982498 1414380260 2238172430 2533202682 973583662 3891750018 209106852 4031298790 1490433794 4154973895 1780673746 1895024509 3066263506 665711537 2644011460 2618756697 130227103 1295862997 181945215 89187889 3038711311 1229622185 1696041439 

965980850 
100 784513248 1136922357 483257514 3785383399 4079115850 2606872139 2581581058 2084721707 3180086826 3351583521 4082475984 315142103 1545946980 378421959 294946586 352523589 3892280210 1660030144 3478843826 2770144904 2194684640 1683056526 2164344324 3569627584 195102880 2257873128 141068164 1917556052 1757570276 3346283402 3633571920 610868868 3293982498 1414380260 2238172430 2533202682 973583662 3891750018 209106852 4031298790 1490433794 4154973895 1780673746 1895024509 965980850 665711537 2644011460 2618756697 130227103 1295862997 181945215 89187889 3038711311 1229622185 1696041439 

